0,1,2,3,4,5,6,7,8,9,10,100%
1.0,0.755,0.72,0.722,0.708,0.711,0.742,0.718,0.746,0.8,0.744
0.755,1.0,0.753,0.757,0.76,0.76,0.832,0.767,0.817,0.752,0.793
0.72,0.753,1.0,0.844,0.837,0.793,0.776,0.844,0.76,0.743,0.873
0.722,0.757,0.844,1.0,0.839,0.826,0.781,0.856,0.77,0.751,0.889
0.708,0.76,0.837,0.839,1.0,0.807,0.794,0.829,0.774,0.738,0.883
0.711,0.76,0.793,0.826,0.807,1.0,0.736,0.799,0.778,0.713,0.854
0.742,0.832,0.776,0.781,0.794,0.736,1.0,0.783,0.804,0.79,0.813
0.718,0.767,0.844,0.856,0.829,0.799,0.783,1.0,0.761,0.745,0.882
0.746,0.817,0.76,0.77,0.774,0.778,0.804,0.761,1.0,0.765,0.815
0.8,0.752,0.743,0.751,0.738,0.713,0.79,0.745,0.765,1.0,0.778
0.744,0.793,0.873,0.889,0.883,0.854,0.813,0.882,0.815,0.778,1.0
