0,1,2,3,4,5,6,7,8,9,10,100%
1.0,0.41703,0.39496,0.41397,0.41038,0.41263,0.39973,0.39189,0.40802,0.43519,0.49767
0.41703,1.0,0.39539,0.40778,0.40916,0.40312,0.40951,0.4,0.4065,0.40411,0.49008
0.39496,0.39539,1.0,0.42214,0.42521,0.41041,0.39133,0.41415,0.38885,0.3978,0.49981
0.41397,0.40778,0.42214,1.0,0.44217,0.43228,0.4055,0.42926,0.40007,0.41164,0.52952
0.41038,0.40916,0.42521,0.44217,1.0,0.43527,0.41505,0.42731,0.41436,0.40565,0.53501
0.41263,0.40312,0.41041,0.43228,0.43527,1.0,0.40225,0.41434,0.40808,0.41155,0.53671
0.39973,0.40951,0.39133,0.4055,0.41505,0.40225,1.0,0.40584,0.39658,0.39903,0.48368
0.39189,0.4,0.41415,0.42926,0.42731,0.41434,0.40584,1.0,0.39557,0.39427,0.51159
0.40802,0.4065,0.38885,0.40007,0.41436,0.40808,0.39658,0.39557,1.0,0.40173,0.50351
0.43519,0.40411,0.3978,0.41164,0.40565,0.41155,0.39903,0.39427,0.40173,1.0,0.50252
0.49767,0.49008,0.49981,0.52952,0.53501,0.53671,0.48368,0.51159,0.50351,0.50252,1.0
