0,1,2,3,4,5,6,7,8,9,10,100%
1.0,0.58195,0.54905,0.5609,0.5588,0.55435,0.569,0.5459,0.57395,0.5972,0.61965
0.58195,1.0,0.5706,0.57225,0.5724,0.56935,0.5993,0.56195,0.59435,0.5714,0.6327
0.54905,0.5706,1.0,0.61325,0.6095,0.59735,0.5726,0.60265,0.56455,0.56525,0.6679
0.5609,0.57225,0.61325,1.0,0.6104,0.60385,0.5729,0.6052,0.56745,0.5646,0.68755
0.5588,0.5724,0.6095,0.6104,1.0,0.61115,0.58425,0.60265,0.57765,0.56525,0.6808
0.55435,0.56935,0.59735,0.60385,0.61115,1.0,0.56975,0.59575,0.57985,0.5615,0.68175
0.569,0.5993,0.5726,0.5729,0.58425,0.56975,1.0,0.57365,0.584,0.57415,0.63015
0.5459,0.56195,0.60265,0.6052,0.60265,0.59575,0.57365,1.0,0.5546,0.55365,0.66385
0.57395,0.59435,0.56455,0.56745,0.57765,0.57985,0.584,0.5546,1.0,0.5776,0.63905
0.5972,0.5714,0.56525,0.5646,0.56525,0.5615,0.57415,0.55365,0.5776,1.0,0.628
0.61965,0.6327,0.6679,0.68755,0.6808,0.68175,0.63015,0.66385,0.63905,0.628,1.0
