0,1,2,3,4,5,100%
1.0,0.851,0.86,0.789,0.855,0.904
0.851,1.0,0.884,0.805,0.859,0.911
0.86,0.884,1.0,0.812,0.856,0.918
0.789,0.805,0.812,1.0,0.77,0.836
0.855,0.859,0.856,0.77,1.0,0.892
0.904,0.911,0.918,0.836,0.892,1.0
