0,1,2,3,4,5,100%
1.0,0.7063,0.706,0.6625,0.7029,0.7825
0.7063,1.0,0.7261,0.6742,0.7053,0.793
0.706,0.7261,1.0,0.6799,0.7079,0.8021
0.6625,0.6742,0.6799,1.0,0.655,0.7311
0.7029,0.7053,0.7079,0.655,1.0,0.7797
0.7825,0.793,0.8021,0.7311,0.7797,1.0
