0,1,2,3,4,5,6,7,8,9,100%
1.0,0.6668,0.7232,0.7498,0.7064,0.699,0.7258,0.684,0.7536,0.7132
0.6668,1.0,0.6844,0.6732,0.6802,0.702,0.6724,0.7196,0.6818,0.6706
0.7232,0.6844,1.0,0.7258,0.7212,0.7092,0.7408,0.6982,0.7272,0.7032
0.7498,0.6732,0.7258,1.0,0.7072,0.7184,0.7422,0.688,0.732,0.7162
0.7064,0.6802,0.7212,0.7072,1.0,0.6814,0.7304,0.6968,0.71,0.6896
0.699,0.702,0.7092,0.7184,0.6814,1.0,0.7004,0.7302,0.7172,0.6986
0.7258,0.6724,0.7408,0.7422,0.7304,0.7004,1.0,0.6946,0.7298,0.704
0.684,0.7196,0.6982,0.688,0.6968,0.7302,0.6946,1.0,0.702,0.6974
0.7536,0.6818,0.7272,0.732,0.71,0.7172,0.7298,0.702,1.0,0.7148
0.7132,0.6706,0.7032,0.7162,0.6896,0.6986,0.704,0.6974,0.7148,1.0
